308,4
308,3
308,2
308,1
308,0
307,5
307,4
307,3
307,2
307,1
307,0
306,4
306,3
306,2
306,1
306,0
305,4
305,3
305,2
305,1
305,0
304,4
304,3
304,2
304,1
304,0
303,3
303,2
303,1
303,0
302,5
302,4
302,3
302,2
302,1
302,0
301,4
301,3
301,2
301,1
301,0
300,4
300,3
300,2
300,1
300,0
299,4
299,3
299,2
299,1
299,0
298,3
298,2
298,1
298,0
297,5
297,4
297,3
297,2
297,1
297,0
296,4
296,3
296,2
296,1
296,0
295,3
295,2
295,1
295,0
294,3
294,2
294,1
294,0
293,3
293,2
293,1
293,0
292,3
292,2
292,1
292,0
291,3
291,2
291,1
291,0
290,3
290,2
290,1
290,0
289,3
289,2
289,1
289,0
288,4
288,3
288,2
288,1
288,0
287,5
287,4
287,3
287,2
287,1
287,0
286,4
286,3
286,2
286,1
286,0
285,4
285,3
285,2
285,1
285,0
283,3
283,2
283,1
283,0
275,3
275,2
275,1
275,0
7,3
5,3
4,3
3,2
2,2
1,2
0,9
1,45
3,44
2,44
1,44
3,43
2,43
1,43
3,42
2,42
1,42
3,41
2,41
1,41
3,40
2,40
1,40
3,39
2,39
1,39
3,38
2,38
1,38
3,37
2,37
1,37
3,36
2,36
1,36
3,35
2,35
1,35
3,34
2,34
1,34
3,33
2,33
1,33
3,32
2,32
1,32
3,31
2,31
1,31
3,30
2,30
1,30
3,29
2,29
1,29
3,28
2,28
1,28
3,27
2,27
1,27
3,26
2,26
1,26
3,25
2,25
1,25
3,24
2,24
1,24
3,23
2,23
1,23
3,22
2,22
1,22
3,21
2,21
1,21
3,20
2,20
1,20
3,19
2,19
1,19
3,18
2,18
1,18
3,17
2,17
1,17
3,16
2,16
1,16
3,15
2,15
1,15
3,14
2,14
1,14
3,13
2,13
1,13
3,12
2,12
1,12
3,11
2,11
1,11
3,10
2,10
1,10
3,9
2,9
1,9
3,8
2,8
1,8
3,7
2,7
1,7
3,6
2,6
1,6
3,5
2,5
1,5
3,4
2,4
1,4
3,3
3,0
2,3
2,0
1,3
1,0
0,6
0,0
0,47
0,46
0,49
0,48
0,45
0,12
0,10
0,8
0,11
0,5
0,7
0,4
0,3
